6 5
0.464219
0.108272
0.258638
0.006058
0.162813
0.013428 0.444091 -0.132356 -0.003936 -0.066881 -0.036772 0.002048 0.005236 0.011431 -0.004381 -0.022054 -0.035126 -0.001936 0.197906 -0.038930 0.000016 -0.113499 0.088147 0.045149 0.759903 -0.056103 -31.778142 -8.236600 41.742092 0.039770 0.742369 -0.041460 -0.009925 -0.079989 0.038436
0.000213 0.000125 0.000194 -0.000043 -0.000109 -0.000080 0.000125 0.008555 0.005735 -0.000261 -0.003004 -0.002281 0.000194 0.005735 0.004180 -0.000203 -0.002106 -0.001607 -0.000043 -0.000261 -0.000203 0.000241 0.000191 -0.000023 -0.000109 -0.003004 -0.002106 0.000191 0.001936 0.000990 -0.000080 -0.002281 -0.001607 -0.000023 0.000990 0.001601
0.000011 0.000009 0.000040 -0.000028 -0.000064 -0.000153 0.000009 0.000073 0.000120 0.000006 -0.000259 -0.000282 0.000040 0.000120 0.000305 -0.000033 -0.000573 -0.000885 -0.000028 0.000006 -0.000033 0.000168 0.000047 0.000377 -0.000064 -0.000259 -0.000573 0.000047 0.001200 0.001655 -0.000153 -0.000282 -0.000885 0.000377 0.001655 0.003577
0.000210 -0.000006 -0.000220 -0.000113 0.000115 -0.000060 -0.000006 0.008468 -0.007813 -0.001308 0.001150 0.004710 -0.000220 -0.007813 0.008895 0.001630 -0.002606 -0.004513 -0.000113 -0.001308 0.001630 0.000920 -0.000814 -0.001812 0.000115 0.001150 -0.002606 -0.000814 0.003094 0.001936 -0.000060 0.004710 -0.004513 -0.001812 0.001936 0.010021
0.000002 -0.000001 0.000000 -0.000036 0.000036 -0.000057 -0.000001 0.000402 0.000237 0.003003 -0.003509 -0.001190 0.000000 0.000237 0.000140 0.001776 -0.002055 -0.000758 -0.000036 0.003003 0.001776 0.025046 -0.026391 -0.008263 0.000036 -0.003509 -0.002055 -0.026391 0.031811 0.009566 -0.000057 -0.001190 -0.000758 -0.008263 0.009566 0.011871
0.001669 0.000067 -0.000235 -0.000420 0.000087 0.000112 0.000067 0.003499 -0.001628 0.000053 0.000371 0.001060 -0.000235 -0.001628 0.001561 -0.000011 -0.000588 -0.000980 -0.000420 0.000053 -0.000011 0.000563 0.000483 -0.000213 0.000087 0.000371 -0.000588 0.000483 0.003681 -0.000304 0.000112 0.001060 -0.000980 -0.000213 -0.000304 0.003559
