0.001750 0.000086 0.000063
0.000086 0.003508 0.000122
0.000063 0.000122 0.001543
0.000769 0.000051 0.000032
0.000051 0.001255 0.000389
0.000032 0.000389 0.000962
0.000628 0.000024 0.000241
0.000024 0.001610 0.000428
0.000241 0.000428 0.001021
0.000429 0.000043 -0.000061
0.000043 0.000953 -0.000294
-0.000061 -0.000294 0.000845
0.000061 -0.000003 0.000014
-0.000003 0.000117 0.000043
0.000014 0.000043 0.000154
0.000661 0.000061 0.000028
0.000061 0.001350 -0.000432
0.000028 -0.000432 0.001205
0.000151 -0.000085 -0.000017
-0.000085 0.001236 0.000147
-0.000017 0.000147 0.000675
0.001504 -0.000203 0.000161
-0.000203 0.002753 -0.000541
0.000161 -0.000541 0.001230
0.000224 -0.000048 0.000008
-0.000048 0.000423 0.000018
0.000008 0.000018 0.000185
0.000344 -0.000127 -0.000006
-0.000127 0.000798 -0.000032
-0.000006 -0.000032 0.000417
0.001321 -0.000054 0.000083
-0.000054 0.003383 0.000437
0.000083 0.000437 0.001844
0.000377 -0.000065 0.000009
-0.000065 0.001364 -0.000482
0.000009 -0.000482 0.001606
0.000727 0.000168 -0.000277
0.000168 0.004171 -0.001695
-0.000277 -0.001695 0.001422
0.000093 -0.000217 0.000086
-0.000217 0.002408 -0.001568
0.000086 -0.001568 0.001873
0.000983 -0.000014 0.000116
-0.000014 0.005553 0.002804
0.000116 0.002804 0.002711
0.000161 -0.000059 0.000015
-0.000059 0.000577 0.000022
0.000015 0.000022 0.000160
0.000181 0.000104 -0.000173
0.000104 0.001274 -0.000726
-0.000173 -0.000726 0.001492
0.000150 0.000104 -0.000122
0.000104 0.000845 -0.000659
-0.000122 -0.000659 0.001067
0.000136 -0.000302 -0.000108
-0.000302 0.002218 0.000187
-0.000108 0.000187 0.000694
0.000008 -0.000004 0.000022
-0.000004 0.000164 0.000109
0.000022 0.000109 0.000181
